718.9
638.7
198.1
201.8
204.4
201.2
202.4
200.2
201.2
199.7
193.2
201.8
185.1
190.0
193.2
179.1
185.7
177.5
178.0
182.1
181.5
184.9
186.0
191.4
190.2
194.7
199.8
201.3
192.1
188.4
184.3
180.4
181.5
179.9
177.7
181.1
186.9
176.6
178.2
187.3
188.2
182.9
182.6
182.9
184.1
182.9
186.4
184.6
189.7
188.2
189.5
191.4
189.7
192.7
197.0
195.8
193.8
190.1
181.0
179.5
180.3
180.4
177.9
179.5
181.7
182.8
182.3
186.2
184.4
180.0
187.1
182.3
187.4
182.2
182.7
191.0
196.0
197.0
196.5
186.4
187.0
192.4
194.1
200.2
203.8
194.9
176.3
181.7
180.0
184.8
185.4
179.5
184.4
194.3
198.5
201.3
193.6
200.1
203.2
206.0
206.9
203.5
198.1
199.9
202.6
202.2
204.5
206.0
207.1
203.8
207.8
210.8
211.1
211.3
208.9
182.2
181.1
181.6
180.6
180.2
187.6
195.7
198.9
198.9
190.4
195.1
194.1
196.1
187.2
192.7
197.4
199.9
201.4
203.4
205.3
204.7
202.5
199.6
202.1
206.0
201.8
200.2
198.5
182.1
180.8
181.7
181.8
187.7
191.6
195.8
202.6
194.3
196.5
199.2
184.8
190.7
199.8
198.0
191.2
186.7
194.9
189.6
195.1
196.0
197.9
197.9
199.0
195.9
200.6
192.3
196.5
197.6
181.9
183.1
190.0
184.3
181.6
172.0
175.5
186.2
185.8
176.8
176.7
186.7
183.9
173.5
181.0
186.7
174.8
181.0
185.4
188.8
189.9
185.3
181.1
184.2
185.1
185.4
176.5
182.6
125.5
181.3
177.2
176.3
173.0
173.4
173.2
172.5
173.2
179.7
181.3
184.5
175.2
175.6
175.8
172.6
180.8
187.1
187.6
192.2
189.7
190.4
191.7
192.8
187.5
187.1
186.9
176.3
180.4
178.8
183.4
191.5
191.7
179.0
178.4
180.9
173.1
184.1
