442.4
357.7
351.3
339.0
326.6
319.0
320.4
321.6
332.3
334.4
334.9
338.7
333.0
337.9
339.9
343.1
338.7
337.4
322.9
320.0
320.2
321.9
320.4
325.4
324.9
309.5
327.5
332.6
327.8
325.1
325.9
325.3
331.9
326.6
328.7
342.0
335.9
330.7
336.0
340.9
341.0
344.3
336.9
334.8
338.2
318.7
324.7
321.4
320.8
319.3
323.6
318.8
320.5
332.3
337.3
331.8
329.9
329.9
323.0
323.9
319.3
324.0
340.3
345.0
347.0
339.2
327.8
331.5
335.2
335.5
337.6
341.1
342.9
325.3
323.7
331.6
325.0
320.4
329.0
334.1
345.3
346.0
342.8
346.1
345.8
347.9
351.8
347.1
342.5
352.3
353.0
353.9
355.8
354.1
357.3
355.5
358.3
360.5
361.5
359.4
285.4
321.5
320.0
321.3
319.3
319.6
327.3
342.5
341.0
338.6
341.6
344.0
339.8
336.2
334.7
339.3
349.9
352.4
355.0
355.1
353.6
353.0
350.6
354.5
354.8
346.7
345.1
347.3
323.3
319.8
319.8
316.8
318.7
323.3
337.2
340.9
343.8
346.5
330.0
333.7
334.0
329.2
332.6
335.2
333.8
338.0
334.9
336.0
343.8
341.4
339.2
330.7
345.5
344.4
342.6
342.0
320.4
316.7
320.2
320.7
318.2
325.2
318.7
324.4
329.5
318.3
316.2
317.7
311.8
311.4
331.1
320.1
327.4
319.3
326.1
326.7
322.7
324.4
214.2
333.8
330.7
320.9
319.4
271.7
316.6
314.2
311.0
313.5
321.4
316.6
314.2
319.9
316.5
311.0
295.2
311.8
315.9
326.6
328.1
334.8
328.8
334.5
335.3
336.4
328.5
329.3
337.5
336.4
335.9
317.5
310.0
310.8
318.1
326.4
327.8
328.7
325.3
324.5
313.9
313.6
316.5
321.9
323.5
323.7
336.1
317.6
319.6
336.2
340.2
314.9
316.8
314.9
315.6
327.5
322.0
325.0
315.6
313.6
