137.7
88.2
99.5
83.6
71.2
74.2
86.8
89.2
82.8
72.9
67.7
70.3
67.0
67.7
67.7
70.6
63.4
67.9
69.2
69.2
65.6
67.0
68.6
70.1
69.6
68.3
66.4
64.0
63.7
66.8
69.1
64.2
68.6
74.4
74.5
68.6
74.5
74.3
66.0
63.0
69.9
65.9
66.2
66.5
64.2
67.5
64.8
70.7
68.6
69.5
69.3
68.1
71.5
72.1
70.6
79.6
72.4
71.7
65.1
64.2
64.1
64.3
67.2
69.5
72.8
68.9
68.9
69.5
70.5
64.4
67.9
64.0
69.0
69.9
64.9
72.6
76.9
79.4
78.2
76.4
72.1
69.1
68.8
68.9
69.0
68.8
65.5
71.5
70.8
70.8
70.9
74.4
72.2
72.3
71.9
76.6
76.7
74.6
68.1
68.7
67.5
65.7
62.9
64.2
69.8
77.8
77.1
68.0
74.4
78.0
82.7
72.4
69.6
70.5
74.8
78.0
78.1
78.3
77.2
74.3
72.8
78.3
85.4
86.7
76.0
76.1
76.2
68.3
68.1
70.0
68.4
65.9
72.2
73.3
68.1
75.8
74.9
75.6
71.7
79.6
81.1
78.3
75.5
73.2
71.5
75.8
81.3
74.6
80.5
76.2
78.6
77.5
83.2
72.8
75.9
78.7
69.3
66.3
67.6
68.8
63.9
59.0
43.8
40.8
46.1
44.8
45.1
50.0
59.4
48.9
40.9
42.8
55.7
45.0
40.7
40.7
40.3
45.4
47.0
51.0
44.7
47.9
44.5
44.4
45.2
34.5
45.5
38.4
44.8
46.0
46.1
44.5
40.2
43.1
44.3
47.1
47.1
45.2
45.4
45.2
42.6
40.1
45.7
57.3
49.5
52.1
45.7
42.9
41.2
41.2
39.9
40.0
39.8
44.8
44.5
42.0
45.7
49.2
49.6
41.2
45.0
42.4
39.8
44.0
44.6
39.6
39.8
47.5
46.0
51.8
45.1
48.0
44.5
48.2
45.9
54.0
48.7
48.1
