495.4
437.2
424.3
421.5
424.1
430.2
427.4
428.2
426.9
425.4
423.1
421.3
422.3
422.9
422.9
422.9
417.8
419.9
418.3
423.1
427.0
427.0
422.5
422.1
422.9
422.3
422.1
424.8
422.6
429.8
425.4
425.0
425.3
420.8
420.7
425.3
425.6
424.1
422.8
425.2
423.5
421.0
424.4
421.8
421.2
421.0
421.4
418.1
420.1
424.5
425.2
425.0
425.3
424.7
422.0
427.6
427.7
427.2
421.8
422.2
424.2
426.9
428.0
433.6
424.8
430.8
433.0
431.2
431.4
429.3
422.0
407.9
423.2
422.0
423.6
423.4
420.2
423.6
425.4
428.0
430.5
423.6
425.9
426.1
425.9
430.0
428.8
430.3
434.3
428.9
433.7
433.8
434.2
432.9
426.1
427.7
427.9
427.0
431.4
432.0
422.2
423.0
415.1
422.3
421.1
420.0
424.5
429.8
426.8
425.5
425.8
426.4
422.4
422.3
422.5
420.1
420.4
420.4
421.5
425.2
426.5
422.1
422.0
422.1
422.2
422.1
421.0
424.9
411.3
424.2
420.3
420.2
422.5
422.4
422.7
420.0
420.4
423.5
423.6
423.7
424.8
427.4
425.5
421.7
425.0
424.3
428.2
427.0
421.4
427.4
430.0
427.9
424.5
424.4
421.9
421.3
427.5
423.4
418.5
419.3
423.6
423.8
399.4
397.2
401.2
403.0
400.6
399.4
400.7
400.3
399.9
398.9
403.4
399.9
404.6
399.5
399.5
402.6
398.2
396.9
402.6
405.3
404.0
397.6
401.0
367.5
397.3
382.3
400.1
399.6
398.6
400.1
398.4
396.9
403.8
397.9
401.8
400.0
400.1
397.5
400.0
399.2
399.6
399.8
400.8
401.7
402.0
405.1
399.6
401.6
401.7
401.8
397.5
400.5
396.2
399.6
405.4
407.9
397.9
402.0
401.5
401.5
397.6
396.9
398.7
405.2
406.5
403.9
402.0
396.7
396.7
397.5
402.0
400.2
403.4
402.6
401.7
398.6
