225.7
181.5
160.2
152.8
152.3
155.2
153.9
152.3
153.8
158.7
157.1
160.3
159.9
157.1
160.9
161.1
159.9
158.2
161.1
152.6
152.8
153.0
151.5
153.8
156.9
155.8
154.9
151.6
152.0
152.2
152.1
153.1
154.6
154.2
152.6
151.9
152.6
152.6
152.5
153.3
156.3
156.5
159.9
164.4
155.5
157.7
153.0
153.2
152.0
153.9
152.3
152.1
151.6
152.5
152.7
154.4
153.8
154.3
155.9
152.3
153.8
154.4
156.0
152.3
152.8
152.0
152.1
152.1
152.5
154.7
155.5
159.8
161.1
162.2
162.4
155.0
125.6
151.8
151.6
151.8
152.2
151.8
156.4
160.4
164.0
161.1
156.7
157.1
157.3
156.6
157.2
161.0
159.7
153.9
155.5
159.2
159.2
161.0
160.8
159.6
157.9
158.0
158.0
158.0
154.5
158.9
149.1
153.0
151.8
152.0
152.9
152.0
157.7
162.4
159.3
154.3
154.5
154.2
157.5
153.8
154.6
158.0
158.2
158.2
158.2
161.9
158.6
155.8
155.8
159.3
159.7
159.7
155.2
154.5
156.8
153.0
151.9
151.7
153.6
154.2
153.2
157.0
157.5
154.0
158.2
155.2
154.5
154.4
154.0
155.0
155.0
151.9
152.2
152.2
152.1
152.2
153.6
156.2
155.5
154.2
157.4
154.0
157.4
158.0
153.1
152.4
152.0
153.4
152.6
144.6
131.2
132.4
131.2
135.4
132.0
130.8
131.5
131.8
132.3
133.2
130.6
132.3
132.0
132.5
132.8
131.3
135.5
138.4
135.9
133.9
133.9
131.4
132.9
116.1
130.3
112.7
131.2
130.2
130.0
131.0
129.2
130.7
134.0
131.6
130.3
131.4
131.4
131.0
129.6
130.3
129.3
135.0
133.2
136.5
133.3
131.8
131.7
137.0
136.6
140.1
139.8
130.2
130.8
129.5
130.6
130.8
134.3
129.8
129.8
129.2
129.5
129.8
131.1
130.4
135.7
136.3
135.3
132.1
