102.5
70.9
67.0
67.2
64.3
67.5
65.9
67.3
68.2
48.7
50.3
48.5
53.0
50.8
53.0
59.7
56.9
56.2
43.7
41.3
44.8
46.9
46.6
46.2
43.9
44.6
47.8
45.7
44.8
46.4
49.1
47.0
46.0
45.5
46.2
42.7
46.6
48.1
48.6
47.2
41.5
45.5
45.6
41.9
48.4
43.1
44.1
44.7
49.9
51.5
43.6
49.7
53.5
44.7
47.6
50.4
43.9
40.8
41.1
43.3
42.0
44.6
45.7
49.5
45.5
45.6
43.7
52.9
45.6
46.4
43.7
52.3
53.8
47.6
45.2
48.9
47.8
39.3
47.8
52.8
51.1
55.7
43.4
50.2
35.3
41.9
41.5
45.8
45.7
41.6
46.9
45.4
44.0
44.1
44.1
40.8
44.2
47.9
48.0
43.3
56.4
48.7
44.1
44.3
54.1
57.8
67.8
70.0
72.9
67.2
68.3
67.1
62.7
39.6
45.6
44.5
45.4
41.5
38.5
40.8
44.5
44.9
45.3
43.0
46.8
47.4
41.1
45.6
49.1
56.3
46.3
50.9
45.4
39.4
40.7
47.5
44.1
44.3
39.7
43.6
45.2
43.9
42.4
42.9
44.3
50.7
45.4
48.5
45.3
49.0
50.2
48.2
45.2
48.6
49.8
54.3
56.9
52.2
52.6
55.0
43.8
43.5
49.1
46.5
54.0
55.0
52.8
46.7
52.6
46.3
45.8
43.8
44.5
48.5
42.7
43.8
46.8
46.8
51.1
50.4
48.6
50.6
45.3
49.2
38.5
41.8
46.6
41.7
43.6
41.7
46.9
42.6
55.0
50.5
43.9
46.6
46.4
51.9
54.2
53.5
42.6
45.1
46.7
45.8
48.8
46.6
53.2
48.0
50.0
47.3
48.8
47.2
46.0
47.8
52.7
45.4
47.0
48.4
47.1
44.5
43.8
45.9
48.9
45.9
45.9
56.7
51.5
43.8
46.6
45.0
47.2
47.1
48.5
56.2
58.2
50.7
54.1
53.7
