470.7
424.8
424.8
407.5
421.0
422.9
420.2
424.7
421.1
420.8
420.9
423.2
420.4
403.1
399.3
398.9
399.9
398.5
399.8
400.0
399.1
396.4
393.6
396.2
397.8
398.8
398.0
398.8
400.9
396.8
398.7
397.6
397.3
396.9
397.6
395.8
395.9
395.3
399.9
398.5
399.7
400.8
402.7
399.0
393.8
397.3
386.5
397.1
398.5
399.9
398.5
403.8
402.1
398.5
398.2
402.1
403.6
397.4
396.2
396.0
397.8
399.1
401.5
397.8
400.0
395.7
401.8
401.1
399.3
399.6
402.5
397.5
394.5
397.1
397.2
402.5
399.4
403.6
403.0
398.3
396.6
400.9
400.4
400.5
401.0
402.0
403.8
401.0
397.0
402.3
399.9
401.0
405.4
406.4
404.3
412.3
413.0
414.8
401.6
398.3
400.6
405.9
408.1
402.6
398.5
398.9
404.5
403.1
406.9
406.8
411.3
412.0
408.2
404.6
405.2
379.2
396.8
400.3
406.4
403.8
400.0
401.3
400.1
400.3
397.9
398.8
402.3
397.4
400.3
399.5
401.2
402.0
402.3
400.7
394.7
393.5
397.9
402.3
394.2
397.9
395.7
401.8
398.0
399.4
393.0
398.3
397.7
399.8
401.0
401.5
401.5
398.3
395.5
397.4
399.5
401.9
404.2
403.4
402.0
398.2
401.0
404.8
403.2
399.5
398.4
400.5
400.3
397.7
405.1
404.6
398.2
398.8
397.8
397.0
397.2
400.2
399.7
398.7
400.5
403.7
401.3
405.0
405.9
400.9
400.0
402.2
403.9
401.5
404.0
402.0
400.0
402.3
404.9
404.0
407.0
400.8
402.8
400.8
405.5
404.6
398.0
400.4
396.2
396.4
404.1
399.1
396.2
398.5
398.7
401.5
400.4
402.9
402.6
400.2
400.3
400.0
404.3
404.2
402.3
401.9
361.4
398.4
401.6
400.1
404.1
404.3
401.8
398.5
395.3
398.2
400.0
400.5
403.6
412.2
412.6
406.3
408.0
395.7
