207.5
204.3
155.1
154.8
154.9
152.3
151.8
153.0
153.6
152.4
151.8
151.8
152.4
151.1
151.0
152.6
150.7
151.0
151.1
135.0
129.0
131.2
131.9
130.3
132.5
135.9
133.7
132.5
130.9
130.7
130.7
130.8
128.5
129.8
128.3
129.8
132.0
130.0
129.6
129.3
131.9
130.4
130.2
130.6
130.9
130.2
130.4
131.0
129.1
129.0
129.2
129.8
130.4
129.3
131.7
129.7
131.6
130.6
132.7
134.3
132.3
134.7
134.8
130.6
131.5
132.0
130.2
128.2
129.9
130.8
129.8
129.8
130.2
131.1
131.6
130.4
130.2
131.2
130.9
131.7
129.7
131.6
135.4
129.1
131.2
130.4
131.4
130.1
134.6
134.4
132.9
130.4
133.4
137.5
138.6
127.5
129.5
134.7
134.9
130.7
131.6
136.7
136.7
140.4
143.9
139.3
134.9
132.5
132.6
131.1
129.7
128.6
130.0
133.7
133.9
136.9
136.3
132.7
136.2
134.2
137.4
130.0
130.4
131.5
130.8
130.6
135.2
128.8
129.7
130.1
129.9
129.7
130.2
129.4
130.9
134.1
129.9
129.8
133.7
134.8
131.9
131.6
131.1
129.3
129.6
130.8
132.9
128.2
129.3
126.7
128.8
129.0
130.9
128.9
128.8
129.4
130.3
128.0
129.3
129.5
128.6
128.6
130.5
128.3
130.1
130.1
134.0
138.4
132.5
132.5
129.3
129.6
131.1
131.0
132.2
132.8
133.4
136.6
136.1
131.9
130.8
129.1
130.4
130.3
132.0
130.8
130.4
130.7
131.8
131.9
132.1
132.7
133.5
131.5
130.9
129.5
131.8
133.1
131.0
132.5
129.6
129.4
129.4
129.5
130.9
130.6
129.4
130.4
130.5
131.3
131.0
129.2
127.6
129.8
132.1
131.8
132.9
130.3
130.1
131.5
132.5
136.0
128.7
132.0
133.5
131.1
130.4
132.5
130.6
131.2
130.4
131.9
130.1
132.4
129.2
131.3
131.6
131.2
