478.2
440.8
342.5
344.2
331.6
317.7
326.8
327.2
269.8
319.8
315.9
319.9
316.3
315.8
316.7
323.4
317.5
321.8
312.9
310.7
316.3
310.6
315.1
322.0
319.8
325.9
324.6
315.5
313.9
310.7
311.0
310.3
309.0
318.0
282.3
316.6
312.4
320.7
314.4
309.7
312.2
310.3
277.6
319.0
321.9
323.7
316.3
312.5
309.4
312.2
313.6
309.8
311.4
318.4
326.3
317.5
319.9
327.0
329.7
316.1
317.8
312.1
319.9
315.2
322.0
313.2
311.2
312.0
318.2
319.6
312.3
324.9
331.2
316.0
314.2
320.8
325.2
323.1
323.8
325.9
326.8
316.6
322.2
327.5
322.7
328.0
326.5
332.4
308.1
321.8
325.4
328.9
322.9
323.7
327.2
326.2
329.5
332.6
338.9
322.6
321.0
326.0
323.7
327.9
317.5
316.2
321.9
335.7
337.2
337.3
338.8
342.5
343.5
342.6
340.7
320.6
324.2
315.3
322.1
316.7
311.7
312.7
313.3
312.8
311.6
321.5
328.2
324.1
313.1
319.0
315.7
316.7
318.2
311.8
320.7
317.1
323.3
312.4
313.9
312.8
312.7
313.0
308.6
324.5
320.1
329.1
311.7
315.6
323.1
318.1
318.2
320.6
331.5
334.1
334.3
332.7
336.6
326.5
326.0
318.0
318.6
331.3
329.2
332.6
325.8
326.1
326.4
327.4
311.6
310.2
324.9
317.1
314.9
313.2
319.5
320.5
320.5
322.6
316.3
334.3
332.6
335.9
312.8
318.6
325.7
320.6
316.8
319.6
328.8
331.7
330.8
325.0
320.5
325.5
324.3
324.5
321.5
324.6
316.3
314.2
321.9
320.4
324.5
319.8
313.5
311.5
328.9
330.8
323.8
329.0
324.6
315.6
314.2
319.7
323.8
334.2
320.9
287.4
315.2
321.2
319.0
324.3
314.1
319.3
294.3
317.9
323.2
339.2
344.7
349.6
353.5
322.3
328.4
330.4
319.2
313.4
322.6
325.7
