553.0
469.9
422.0
378.2
236.7
240.4
243.8
230.8
224.0
228.5
230.3
224.9
228.6
220.0
223.2
223.5
217.2
217.8
220.8
222.0
220.8
226.1
224.2
227.4
219.0
223.8
217.5
222.2
222.5
224.1
226.3
225.8
220.8
223.4
227.4
220.6
222.9
225.2
226.8
230.7
228.0
232.9
237.9
237.5
238.3
236.1
231.4
227.2
232.8
229.8
228.8
186.0
186.0
179.4
186.2
182.6
183.5
197.3
199.2
200.8
201.4
196.2
190.5
194.4
195.2
193.6
190.9
187.1
190.3
191.5
191.2
188.8
184.2
189.0
186.9
196.2
193.7
186.7
190.4
189.8
193.6
184.0
191.7
182.5
193.9
192.8
198.2
196.0
191.6
188.7
193.6
191.7
184.0
195.4
194.6
188.7
190.0
187.1
191.6
185.7
188.0
187.5
195.7
197.1
197.8
192.0
193.1
193.2
195.8
198.9
187.1
186.3
183.5
194.0
199.7
192.0
196.8
192.2
178.8
183.4
195.0
192.2
187.0
181.2
183.7
179.9
186.0
179.9
179.5
187.7
193.6
184.5
185.2
184.1
185.6
183.0
183.8
184.5
192.8
194.1
183.0
180.7
185.8
175.8
179.2
184.3
189.8
197.3
179.0
175.6
185.2
184.1
181.1
176.9
176.9
182.0
185.3
179.9
187.9
187.5
187.2
192.4
192.2
196.1
183.7
187.8
177.3
177.5
174.1
180.6
175.8
184.4
186.7
181.5
192.3
194.1
189.8
182.2
189.3
182.1
177.9
184.6
185.6
187.7
192.0
193.8
194.4
198.5
199.4
202.3
199.0
197.7
200.8
197.2
196.1
196.0
178.8
182.0
182.4
177.2
178.6
188.9
187.0
188.9
194.6
185.9
182.8
182.3
182.0
178.4
189.1
185.0
181.8
181.7
179.5
179.4
185.0
185.0
182.0
188.0
177.6
185.2
189.8
190.4
188.5
175.1
181.5
184.1
189.4
190.1
184.6
184.0
185.4
182.6
184.6
185.8
184.2
185.7
