458.2
452.2
369.4
359.0
361.3
352.3
321.7
323.4
328.9
323.2
330.7
339.1
342.6
322.0
329.9
337.3
334.1
338.7
335.2
339.1
338.1
334.0
325.5
322.5
322.4
326.9
334.9
342.8
339.0
336.6
336.2
324.5
321.9
323.9
329.3
333.4
338.6
327.6
331.7
333.9
334.7
332.2
328.5
330.5
342.7
342.0
341.2
339.3
332.2
330.4
325.6
334.1
338.1
351.1
353.6
354.2
355.1
357.0
362.1
360.0
337.0
334.0
342.8
345.3
348.5
349.5
354.1
357.9
356.6
329.8
323.0
340.8
337.5
328.4
328.7
313.5
316.0
296.2
309.2
309.4
321.7
317.7
310.5
315.7
316.4
313.9
313.3
312.9
314.5
329.2
328.2
305.5
318.3
327.4
334.3
340.1
336.4
335.5
341.0
345.6
340.9
312.4
310.3
307.3
268.8
307.0
307.6
324.3
329.9
332.1
334.1
318.2
315.8
314.0
318.6
320.0
329.7
325.1
321.5
314.1
322.0
319.2
315.2
309.0
314.0
322.3
325.5
330.6
326.1
326.5
317.6
283.1
309.9
309.4
328.3
328.3
329.1
330.6
324.2
325.1
319.6
319.0
318.4
330.8
317.1
313.9
312.5
310.2
310.3
311.5
311.8
308.1
322.1
316.7
312.4
310.3
311.7
317.9
310.0
310.5
311.5
318.9
315.0
323.5
316.9
309.2
308.1
309.5
292.8
307.1
316.8
316.9
134.4
313.5
308.7
311.3
309.5
307.6
309.0
323.5
317.6
315.3
313.9
312.1
311.2
312.7
311.9
310.0
326.3
315.6
326.8
312.4
316.6
320.8
321.3
310.5
315.7
324.3
325.6
322.2
317.0
313.2
318.1
318.2
310.0
318.0
325.8
318.2
313.0
313.3
310.3
311.0
310.5
308.4
314.5
325.5
318.5
314.1
310.6
309.4
308.6
304.1
310.9
309.7
320.1
314.7
310.0
333.4
309.1
309.5
317.5
310.5
308.4
322.1
318.4
316.2
311.2
315.9
