228.8
158.8
157.0
149.6
151.7
153.6
152.9
154.2
157.6
157.7
157.0
153.3
151.6
157.2
158.5
159.5
159.2
158.6
162.1
156.5
153.0
151.9
152.2
153.0
153.2
155.8
159.3
155.1
154.1
156.0
153.2
152.2
154.5
157.6
157.0
157.1
155.6
155.7
153.3
152.9
153.1
152.9
154.2
155.0
156.9
155.5
159.0
159.2
152.3
154.0
153.2
158.7
159.2
159.2
158.0
158.1
158.2
157.7
157.9
160.0
160.9
155.4
153.4
160.2
164.6
164.7
161.0
162.4
162.3
162.1
153.5
153.9
156.6
151.8
152.8
152.4
151.8
131.8
133.4
130.1
129.8
130.3
131.6
130.4
130.3
130.1
134.3
131.2
132.1
130.6
134.1
131.1
132.5
130.6
130.3
132.3
136.0
139.4
139.6
137.6
136.0
132.2
132.2
134.7
134.3
130.6
135.1
130.5
130.1
130.0
129.5
129.4
133.9
131.0
131.5
131.5
131.6
132.4
132.4
131.2
130.1
131.0
132.7
131.1
131.4
135.3
132.8
131.8
129.1
129.6
130.7
133.1
137.5
134.9
132.1
130.3
130.2
130.0
131.1
129.8
134.8
139.1
131.5
131.9
130.2
132.1
134.6
133.0
133.8
135.1
138.0
129.3
130.7
129.4
130.2
129.9
131.3
129.4
129.6
132.8
130.4
129.9
130.2
131.4
132.7
135.0
130.0
130.7
130.0
104.7
129.1
130.5
134.7
131.2
130.2
130.0
130.6
131.2
129.8
75.9
130.8
129.6
128.9
126.8
129.3
130.2
133.8
131.0
130.8
132.5
130.8
128.4
128.1
130.7
128.9
128.7
130.6
130.9
130.5
129.9
131.7
130.5
133.5
129.8
129.2
129.5
130.5
127.7
130.9
131.2
133.5
131.7
131.9
130.1
132.2
133.6
131.9
130.4
130.4
131.5
130.2
131.0
132.2
128.7
130.2
130.6
129.1
129.0
131.3
131.0
129.8
128.5
127.6
129.0
129.6
132.1
129.6
130.2
