439.9
422.4
418.9
418.6
418.9
419.2
421.4
423.0
425.5
429.9
426.6
427.2
419.2
419.8
419.0
418.7
422.6
419.9
421.1
428.5
419.3
424.3
427.5
422.8
420.4
421.0
422.7
419.3
424.4
426.1
422.5
425.9
419.2
418.8
422.2
423.0
422.2
426.0
428.3
428.2
420.7
419.8
419.4
423.7
419.6
418.0
418.5
426.4
426.5
426.6
430.5
431.6
430.7
432.6
433.0
427.7
422.8
422.5
422.6
422.9
422.9
426.8
427.0
428.6
427.9
423.1
422.5
424.3
423.8
424.7
424.4
420.2
401.6
403.2
391.9
399.0
401.0
397.4
400.7
397.9
399.7
399.1
400.9
399.1
397.6
396.4
395.5
397.6
397.4
397.5
397.8
398.4
403.2
407.7
408.0
403.5
403.5
405.1
406.7
397.5
397.9
398.4
398.0
397.8
398.0
396.2
401.5
401.6
403.5
399.8
397.5
395.2
395.3
395.2
395.1
402.1
396.8
396.5
397.1
397.5
401.3
402.2
399.7
395.3
394.7
401.1
401.3
397.5
395.0
396.9
374.6
399.9
395.1
401.2
407.9
398.7
401.0
397.9
395.6
399.0
398.8
394.9
400.8
403.1
394.4
396.0
397.8
397.5
396.4
398.6
399.7
394.3
395.3
399.2
394.3
398.2
397.4
400.0
397.1
399.2
396.2
377.2
400.1
399.7
401.4
399.2
394.5
397.5
398.9
399.0
400.2
374.5
400.1
397.8
398.0
394.1
399.2
395.9
397.7
399.1
394.4
399.0
399.4
399.2
393.2
398.9
399.8
397.8
399.0
398.2
399.2
400.2
398.5
398.5
376.1
397.6
399.2
403.2
395.6
394.4
399.4
396.8
397.1
396.1
400.4
402.3
400.8
396.3
393.9
398.6
398.6
398.5
399.6
396.3
398.3
397.8
397.7
398.8
399.7
399.4
396.9
396.0
399.5
396.8
391.2
396.0
392.1
397.8
399.6
395.2
397.7
397.9
398.7
398.9
396.4
394.3
399.1
399.0
