655.6
609.9
184.7
183.4
178.8
177.6
177.8
181.8
179.3
181.4
181.1
183.8
189.0
175.9
170.4
176.2
174.2
179.5
183.5
186.7
184.4
184.1
183.2
185.3
184.0
184.4
181.4
184.9
187.0
180.5
181.8
179.0
183.2
181.5
181.3
185.1
181.6
178.4
183.3
183.5
177.1
175.9
183.1
180.3
182.5
179.2
187.9
183.2
184.3
183.2
184.5
181.2
179.1
183.1
182.3
180.0
182.5
180.2
178.0
186.3
190.2
191.3
195.7
199.7
196.4
197.2
200.5
203.7
198.2
190.9
180.2
185.7
187.8
193.0
189.3
194.2
200.4
206.9
186.2
178.1
181.6
182.0
183.7
180.4
184.0
175.9
182.1
174.5
175.9
174.2
173.0
172.1
173.1
185.9
180.5
182.1
178.5
180.1
178.7
179.9
179.2
169.3
185.9
190.1
195.7
198.9
196.2
194.4
194.3
198.3
191.2
182.4
177.4
184.3
172.2
174.8
172.8
177.9
177.0
183.2
188.5
190.0
185.8
175.2
179.2
179.5
181.9
181.4
178.6
186.4
182.5
188.1
184.0
182.7
177.7
182.5
177.9
179.2
190.2
184.2
186.3
177.6
176.1
176.0
173.7
172.5
178.9
188.1
184.9
187.1
187.0
186.2
187.2
180.3
177.7
183.6
182.6
172.0
177.5
174.7
181.5
167.8
173.1
175.9
177.0
183.0
177.8
172.8
175.4
173.5
184.1
172.8
173.4
174.1
156.0
172.2
178.8
182.8
174.2
175.9
173.6
174.7
169.9
177.7
175.3
112.5
175.4
171.6
173.1
171.0
180.1
175.0
180.3
175.9
175.1
177.8
174.0
175.6
175.1
174.3
176.3
179.8
176.5
179.6
174.2
180.1
171.0
174.4
180.1
185.1
184.3
186.6
179.6
183.7
178.7
180.0
178.2
178.0
177.3
186.8
181.3
181.7
182.6
174.7
174.8
176.7
175.1
176.2
181.8
176.4
185.7
181.7
145.9
171.6
178.6
176.3
174.7
185.7
