120.1
95.8
96.7
109.4
67.6
65.6
64.2
68.2
68.1
68.0
68.1
70.6
68.8
68.3
64.5
68.7
70.9
70.0
66.8
66.8
63.8
68.7
68.6
68.3
66.0
63.8
65.1
71.3
74.0
75.1
68.5
67.5
67.4
65.3
68.2
65.9
63.7
63.8
63.5
63.5
69.0
70.6
65.5
64.5
73.5
79.4
87.6
87.6
87.7
90.5
93.1
93.1
94.0
77.7
70.9
68.8
76.0
81.6
88.5
78.7
85.4
89.3
87.3
70.7
70.6
74.3
70.4
70.8
71.2
66.8
48.5
50.7
45.0
42.7
44.7
45.8
49.4
42.8
44.8
45.5
49.6
48.9
41.6
45.2
48.1
45.8
41.0
45.3
52.0
56.7
62.7
67.8
71.8
56.4
49.8
49.8
57.9
47.8
43.6
43.0
45.8
44.0
46.7
46.5
46.4
46.4
53.2
63.1
53.4
47.4
50.5
45.8
43.3
44.7
49.9
44.6
45.8
49.1
49.2
53.0
50.1
44.2
47.2
45.1
44.8
44.1
49.3
50.8
51.8
43.6
46.0
45.4
46.3
48.6
51.5
45.8
44.3
44.8
49.4
44.8
41.2
40.9
41.1
45.4
43.2
47.9
41.3
42.5
46.5
49.0
46.0
43.0
48.2
41.6
45.6
45.1
44.7
44.9
42.5
46.2
45.7
44.5
43.5
45.8
45.0
52.4
45.3
45.4
39.3
40.2
44.9
44.7
45.1
46.9
45.8
47.0
42.4
44.4
42.5
42.5
47.6
45.9
45.4
48.8
43.1
44.0
45.3
42.8
42.8
47.2
47.2
45.8
46.5
46.6
47.9
40.9
42.7
44.0
49.7
54.8
46.3
40.4
45.9
41.5
49.9
44.8
45.3
43.5
46.5
46.6
48.1
46.7
53.7
45.8
45.6
44.9
45.5
48.1
45.2
45.8
44.6
45.4
45.2
46.0
45.8
44.4
45.6
43.1
44.4
48.5
44.2
45.4
45.2
48.9
46.1
41.0
45.1
44.7
