492.0
436.4
429.2
422.9
424.1
419.2
422.3
417.7
405.5
420.6
422.1
418.1
421.7
427.2
421.6
421.7
424.4
421.4
418.7
419.8
417.5
419.1
422.5
418.9
419.1
419.2
424.0
423.3
426.0
425.2
426.0
423.6
417.9
418.4
422.1
421.5
418.5
418.1
419.5
426.2
399.6
397.9
396.6
398.2
399.4
399.9
396.2
399.1
399.6
401.6
402.8
400.5
400.8
398.8
403.5
405.1
405.0
403.5
403.7
401.1
385.1
398.5
398.5
399.5
398.8
399.7
404.1
402.6
394.9
399.0
396.5
396.8
396.8
397.0
395.2
397.7
394.7
395.4
396.9
401.5
399.3
401.2
399.1
402.8
406.8
414.8
418.2
401.6
400.7
398.7
399.9
396.3
394.9
397.7
394.9
395.5
391.1
399.6
394.7
398.4
402.3
403.3
401.9
397.3
396.0
399.2
404.8
401.8
397.2
396.5
396.4
396.7
400.5
405.0
399.7
402.8
398.4
400.3
395.2
397.1
398.6
398.7
396.4
400.4
402.2
395.7
398.8
397.9
395.2
400.2
399.5
395.1
395.8
395.4
394.8
395.8
399.3
399.7
394.9
395.5
399.8
395.0
398.3
400.0
396.1
374.3
394.6
395.4
396.2
395.3
395.2
398.6
404.5
397.7
398.4
399.9
399.1
399.2
402.3
397.8
401.2
402.5
401.1
399.5
398.9
399.2
399.3
394.9
395.6
397.6
400.4
395.8
401.7
395.4
399.8
397.2
398.4
399.3
397.1
395.0
397.5
400.5
401.2
404.8
398.8
399.5
398.5
399.7
402.0
400.0
403.9
401.2
400.6
398.8
398.1
400.3
401.9
400.8
393.6
399.1
398.6
397.5
402.7
402.8
403.0
398.6
406.2
404.5
402.7
397.5
401.5
400.0
400.1
394.1
395.1
398.5
397.1
401.4
400.2
398.9
396.6
401.3
410.1
396.2
399.1
402.1
407.4
407.5
406.9
397.4
398.9
403.2
403.4
400.6
404.3
402.1
400.3
396.8
