134.0
105.9
79.8
72.7
68.6
64.7
63.7
77.6
72.1
73.4
70.4
63.4
63.2
63.1
68.9
66.3
69.5
68.1
69.3
68.4
70.6
69.5
65.4
74.2
71.7
71.2
68.9
73.6
68.7
73.5
67.5
71.4
69.3
72.1
71.8
81.5
83.5
74.1
71.3
69.8
72.6
66.1
68.0
65.0
63.8
66.8
63.3
62.8
64.7
62.7
65.5
50.8
44.7
40.1
40.0
46.8
46.2
46.9
40.2
44.8
44.5
45.1
42.2
41.9
42.4
41.4
43.2
47.1
48.6
48.8
46.4
53.0
39.6
39.6
39.8
44.5
44.9
44.3
42.2
44.0
39.5
46.7
45.8
44.7
42.5
40.0
44.2
44.8
39.5
49.4
48.1
48.1
47.8
50.8
52.9
59.4
66.0
75.1
74.0
60.8
56.1
44.8
50.4
42.8
45.2
46.5
39.2
42.0
44.8
44.7
46.1
46.7
48.1
48.3
47.0
46.5
45.4
47.0
44.0
40.5
42.2
46.5
43.2
40.5
42.0
53.3
43.8
47.7
48.4
41.8
46.1
44.6
45.2
43.4
42.2
42.9
41.1
39.7
39.7
39.6
42.1
45.2
39.3
44.8
45.6
42.8
39.3
41.5
45.7
44.9
44.2
46.3
49.7
44.0
46.4
53.6
51.5
49.7
50.2
45.5
43.9
42.9
46.1
40.3
42.5
42.5
45.7
43.9
48.9
45.1
42.9
45.3
47.3
42.7
42.0
43.0
41.8
41.9
44.9
43.2
45.8
47.4
39.8
42.4
47.1
45.1
45.6
44.0
41.8
43.5
44.3
44.7
43.9
45.3
47.4
49.7
45.3
48.9
48.9
47.8
51.0
46.8
48.4
44.9
44.4
39.8
44.5
47.1
45.8
43.7
48.7
50.1
45.1
43.3
47.2
52.0
43.6
45.2
55.1
68.0
49.2
57.8
55.9
54.2
45.0
53.7
47.0
53.6
45.5
40.4
48.0
42.3
45.5
47.9
45.2
42.4
44.3
41.4
