185.3
170.3
155.6
152.0
152.6
155.8
155.0
155.7
155.5
156.7
155.5
155.2
160.2
156.8
154.6
154.7
152.6
158.0
156.0
154.1
155.9
156.6
153.1
152.9
153.0
153.4
152.9
153.6
152.7
152.6
153.7
154.3
155.0
155.1
154.4
155.9
158.8
157.8
156.4
158.3
153.9
155.1
152.8
155.6
155.9
153.0
153.1
153.2
152.9
153.0
153.0
152.8
152.7
151.9
152.1
153.5
154.0
149.6
152.6
153.1
154.7
131.3
132.5
130.1
130.8
131.2
130.3
130.6
131.3
130.3
132.5
132.5
130.3
134.5
137.6
141.5
135.8
137.0
132.4
132.6
135.5
136.8
129.8
129.8
131.3
131.5
131.2
129.5
132.8
129.6
131.2
129.5
130.3
130.5
134.0
133.5
131.0
130.3
129.7
131.0
129.7
130.6
130.8
135.2
139.5
136.6
141.3
141.4
145.8
137.2
132.3
130.9
132.9
132.1
130.6
134.8
130.7
133.4
131.9
130.5
129.6
130.4
130.6
133.1
130.3
131.5
131.9
133.6
136.1
133.1
130.6
132.6
132.2
131.2
131.2
130.6
129.6
131.8
130.3
130.6
130.3
131.7
132.0
133.5
134.3
134.5
133.2
131.5
130.0
131.8
130.7
129.8
129.5
130.4
129.8
132.5
130.0
129.9
130.3
130.8
130.5
130.0
132.5
130.3
130.9
133.8
130.7
132.0
129.6
126.9
131.0
135.9
135.8
132.4
129.9
130.2
130.2
130.6
132.5
128.8
127.8
130.4
132.6
132.2
130.3
130.2
130.6
129.8
130.4
130.4
130.9
132.0
131.8
129.7
131.4
130.7
130.0
121.3
131.0
133.0
130.4
130.5
129.4
130.8
131.3
133.7
133.6
133.4
133.1
132.7
129.7
129.7
132.3
129.7
132.3
131.4
128.8
129.6
130.5
131.9
129.3
129.6
131.2
130.5
129.8
132.5
129.6
134.0
138.0
133.0
136.6
138.3
137.2
130.9
130.8
130.7
129.5
131.8
