480.9
352.8
349.6
351.8
347.6
339.3
301.3
338.6
354.6
321.5
323.5
323.5
321.2
325.8
320.5
329.6
330.8
336.4
333.2
323.1
326.2
328.5
329.4
328.6
321.4
329.1
334.6
333.8
317.0
322.1
321.4
326.8
319.7
314.7
316.9
289.8
303.5
320.7
318.5
322.1
323.3
327.3
319.8
325.8
327.8
330.8
322.5
324.0
322.3
318.0
324.5
328.9
333.0
336.1
330.3
323.8
325.4
325.2
325.8
318.1
324.6
319.1
336.3
322.3
319.0
325.6
320.5
310.1
309.0
308.2
308.0
319.1
312.9
313.7
311.5
318.1
318.5
319.9
325.0
328.4
333.5
330.1
331.5
329.5
334.3
328.3
310.0
309.7
315.7
324.4
317.7
311.2
316.2
312.0
315.2
305.8
311.5
317.1
326.6
326.1
316.5
310.8
313.9
312.4
309.5
309.5
316.7
331.8
335.4
336.8
339.2
339.6
332.0
295.3
306.9
313.6
321.5
323.6
314.6
315.0
314.8
311.1
308.1
315.9
315.0
330.7
326.6
328.2
318.9
313.1
314.4
314.3
312.8
309.6
324.6
325.9
323.7
318.8
319.1
313.7
243.3
309.5
315.3
324.6
322.4
319.4
314.7
319.6
317.1
313.6
314.5
313.5
325.9
315.5
312.4
313.1
318.3
309.3
318.0
309.8
309.2
319.5
316.0
313.1
320.4
318.8
311.6
314.0
309.9
308.0
327.5
322.1
311.2
314.1
321.5
312.8
312.1
312.2
309.5
321.4
319.9
318.5
322.2
309.9
313.6
317.0
315.9
315.2
320.8
325.5
315.0
318.4
313.2
310.7
254.1
307.2
311.0
320.4
321.8
312.9
312.2
319.7
317.6
321.3
320.3
317.7
323.2
326.0
314.5
316.5
320.3
314.4
316.8
311.8
309.3
327.0
321.3
317.0
312.7
321.8
319.0
311.2
320.5
324.1
320.8
329.2
331.5
349.1
307.0
316.8
310.8
311.9
310.2
330.0
317.9
324.5
321.0
312.3
