106.2
128.4
185.7
204.9
207.7
211.4
214.4
204.4
203.9
207.1
205.0
209.7
205.4
199.2
202.1
202.0
197.2
196.2
196.4
196.8
204.2
197.1
180.6
182.9
185.0
179.5
191.3
188.5
186.4
188.3
192.4
188.7
186.9
188.5
184.3
183.0
183.0
181.6
188.0
189.3
188.9
184.9
182.0
181.1
184.0
182.0
182.4
179.5
130.5
180.5
181.2
182.5
178.5
187.6
194.5
186.0
183.6
193.0
186.1
187.2
185.0
188.1
181.1
185.6
184.9
192.9
197.5
186.7
184.6
185.9
188.4
182.9
184.7
180.5
187.5
191.0
191.0
178.7
185.2
187.5
185.9
172.7
175.9
173.8
178.2
173.9
175.3
174.7
175.2
173.2
183.9
182.7
184.3
190.7
194.8
196.2
184.9
184.6
185.2
189.8
183.7
174.8
182.3
185.5
177.3
180.2
172.8
176.4
177.6
174.6
175.5
183.8
188.6
194.3
192.3
172.9
176.6
175.1
180.3
177.8
179.5
185.5
180.9
186.3
187.8
187.6
189.5
191.6
188.7
181.3
173.9
176.1
171.1
177.5
180.5
177.6
180.8
175.1
177.6
172.2
179.2
178.6
178.6
178.6
179.1
174.6
174.5
178.9
182.3
177.9
181.5
180.2
183.5
182.8
179.0
181.2
184.7
181.9
173.8
178.3
178.6
176.9
180.0
176.6
178.7
183.7
183.6
184.0
176.1
178.0
176.2
173.9
176.3
173.5
182.4
182.1
183.4
175.2
172.7
178.0
173.0
174.1
178.6
185.2
182.9
181.6
175.2
175.3
175.5
177.4
172.7
172.2
185.0
190.1
175.9
179.2
177.7
172.5
177.2
180.5
175.0
183.9
174.8
178.5
178.7
182.4
176.0
175.9
182.2
177.8
187.0
180.2
177.8
173.1
175.6
170.6
173.1
174.6
178.9
179.2
177.3
181.0
180.3
187.3
183.9
184.6
181.7
176.6
186.9
177.8
181.6
181.3
177.9
181.2
177.5
172.6
180.5
186.0
